$ANSIBLE_VAULT;1.1;AES256
39306331646131346264613832353032643263323764356232386262303738326165396533653435
3230306661626237643438353530383431316435393034620a663234616232636464353136643665
33626664613965646131363138313632313635366135646465646237383566313330376562613335
6463306430636331630a363937356664323965326162663637346362376362366532306133643664
65633834666436633737313966396566643135363130326331313262613465646566633433393166
37626366643866343566663937383432636564366134313034376230313061383630363366356436
32636436653562346537623137616564386136383563653237373734303230623636383334613138
62363438323539396462623339356630363639326537386133353333336139656231366431376633
63613438616266346665633338623832613034633866333539353164653833393231633430313132
62393265343264643363343632396432326131383962343830343465356439643764353261646235
36303862376534313034353364666439366261663235303461623064646431653736356335383166
63326431313434643134383834383335623431353135653436383036626634333161653739333338
32323133383966633333323131303830393839636562636662303436343131333062353732373539
35653936653039396631623839306534386331626132643463306161343033323637643230306131
39343262633864653539633261363130643936313231393563373334396530326137636437626439
33353062383230326463653636316131373434616263376536616561326438376232653761666466
63356439656131316266373536633664656635653562303439623532623737383835383733393236
63646538373964303162383461313365656432656533316432643963323934636639613230613832
65393135353233333039353233353535313139623433356462636561653737303735393433663434
36333364353832613137366162333366303435313732613132333364656561306434616135623638
66316362623433393366386234633730613161313330313530363630376536333263383534633666
38633439326464666431386466613838326537356535333933396136333231373937316266663530
37336431396135366337616630613836646566383931363737656361396530613663393035616435
39633837626263666135313261386662336237393762613835643562633438376331386531663230
62613033666231343366313561636461643664346239626638666563346662343462633036343465
38626638363036393336386661343435353062383036366536633231363331383532383831623531
37633933386566656432623635303732643837303465363230613839616235316331653631323037
34353464623937333137633865653664663839626336326366653465356434336662623863633032
30616639373635303738626534393434383439306132623238613930323761343664326239316236
32393934373364353634626238393262333865356639393534656539326330363335643633653933
65656166333739656665386663383436616533323539373336323366323730313530313736303138
61353265303264326331313164666636616334336339376164383433353661613638396232646463
63353138313164613337646331663262663761666134633133343432656538653334313263616230
32666262376261303337303963636165333763306230386237336462373132386337366264363264
36363730393362653366366634626632363365623036353530613238663533326137656635353561
36343761303737616662363339653062356437633262376164303531663061373937303565373031
6466
